372
889
631
814
803
501
213
883
129
612
786
768
219
716
864
407
768
997
620
686
667
722
652
183
577
837
746
686
453
211
833
226
965
200
882
750
777
861
331
349
094
949
445
756
701
003
905
150
543
292
298
033
573
254
093
678
692
497
765
913
878
127
597
152
371
464
688
582
142
768
526
556
624
322
849
968
567
538
386
576
531
371
134
820
791
006
854
880
168
635
301
618
938
602
251
288
141
138
196
945
678
806
978
555
181
277
686
121
673
449
333
579
601
173
475
044
972
471
711
310
901
559
593
344
075
549
163
761
200
401
917
643
704
355
696
068
690
259
919
820
368
879
961
694
771
243
107
104
080
318
028
597
928
937
750
909
085
220
359
783
795
965
987
629
433
240
648
801
399
047
761
333
199
079
069
480
681
271
710
276
159
162
937
992
019
309
645
597
375
594
573
870
754
568
129
802
985
814
209
397
839
453
576
490
602
748
930
439
443
956
524
711
647
178
399
518
483
563
785
466
714
614
819
766
569
590
860
829
386
449
009
115
928
272
080
563
278
981
668
761
054
296
498
975
302
662
996
298
930
115
151
615
221
304
694
304
097
281
941
736
425
631
918
980
523
634
028
546
210
551
932
144
799
938
900
824
903
791
746
656
640
920
602
542
787
013
395
183
223
100
974
534
844
979
858
599
360
322
702
085
791
968
163
823
935
934
101
295
650
755
573
081
906
496
558
827
313
980
699
227
884
477
055
338
016
884
583
471
801
755
988
489
424
463
486
060
717
043
148
765
006
131
245
384
613
664
692
742
908
459
113
301
728
914
683
736
667
042
194
173
658
493
333
785
994
452
262
352
032
294
172
512
908
704
770
940
959
464
092
517
314
552
287
152
023
528
001
914
893
893
985
073
246
656
635
187
619
348
896
104
940
765
093
100
273
733
559
546
050
110
539
370
571
501
653
303
710
835
723
494
270
730
393
344
785
337
220
635
185
636
726
565
336
930
063
411
122
531
567
193
573
485
799
590
956
311
404
043
827
669
352
716
194
318
085
115
302
737
822
819
423
779
790
485
239
807
254
612
937
193
567
701
174
574
904
539
413
376
562
850
091
285
772
360
979
692
244
811
137
335
767
703
292
014
884
043
992
672
525
208
175
666
678
510
538
527
650
680
283
620
206
452
447
495
900
349
009
127
675
965
732
434
797
889
985
734
641
029
940
587
469
169
340
244
348
213
567
210
532
384
799
086
164
106
492
522
010
097
842
484
269
777
493
590
677
736
451
492
187
318
396
406
080
483
677
159
631
781
571
320
739
858
222
115
762
133
223
147
205
132
367
804
680
634
243
979
513
030
753
829
675
297
504
853
058
137
983
768
733
144
456
194
252
484
871
595
042
296
718
278
450
712
679
037
434
713
858
065
204
649
328
414
714
877
243
375
057
709
724
564
786
405
340
758
006
911
858
546
658
842
008
592
749
654
265
737
583
514
717
300
373
695
490
211
401
115
708
031
100
340
841
691
067
481
587
446
823
426
422
773
350
608
757
755
104
575
971
950
148
904
666
718
677
921
039
611
499
052
023
422
284
728
486
296
411
977
245
950
066
437
172
495
821
163
484
291
877
817
866
590
885
321
389
936
827
247
242
617
053
040
139
968
831
088
666
158
410
596
410
349
072
751
346
128
421
233
445
464
347
512
755
674
440
704
275
501
679
642
023
878
016
238
324
544
284
804
152
351
100
838
665
871
482
700
109
578
980
210
896
800
311
889
519
528
079
365
128
603
327
559
508
324
109
164
044
049
144
770
024
412
261
393
644
746
516
209
367
418
922
791
815
361
982
025
446
940
002
220
808
985
886
235
765
877
590
962
125
772
449
054
285
058
415
591
851
821
056
514
797
906
735
665
451
551
564
542
276
667
647
923
177
847
531
105
551
578
699
253
572
486
144
264
240
349
359
986
523
707
038
665
678
345
971
034
625
048
132
186
743
958
362
843
245
086
305
533
171
548
576
804
009
488
700
773
137
813
007
581
497
479
427
274
707
475
048
629
560
937
137
210
133
086
239
659
617
085
275
771
866
673
501
855
063
863
161
316
439
706
459
230
628
255
583
244
237
389
675
823
307
467
577
079
497
415
968
463
330
674
803
482
630
788
640
946
846
455
595
347
266
426
833
086
649
227
413
511
187
411
766
195
546
589
820
090
190
980
122
978
934
750
539
085
773
440
410
862
113
050
058
882
920
200
794
119
694
079
668
955
041
127
132
484
510
347
409
144
523
494
998
496
935
575
845
210
955
454
989
631
423
065
872
364
053
327
241
159
027
265
862
238
532
765
658
920
189
147
228
429
889
735
603
020
781
947
933
787
460
548
421
305
538
349
298
713
668
331
991
174
943
850
566
624
052
704
735
646
273
265
023
823
511
771
614
691
230
912
313
330
620
244
458
389
564
243
281
587
702
726
313
380
752
962
803
474
058
174
161
961
308
263
821
110
642
485
079
223
344
774
127
775
372
812
205
174
409
835
126
751
921
863
979
491
300
959
425
998
355
684
431
930
306
826
475
857
726
084
061
708
651
986
375
120
126
810
637
687
771
730
616
399
763
050
361
528
021
788
309
240
786
798
699
625
687
439
836
607
838
572
570
848
628
851
821
229
517
158
429
440
791
941
047
883
891
480
421
619
340
102
584
944
175
643
798
591
342
148
976
440
859
543
252
059
705
444
760
048
394
669
274
165
105
563
392
177
348
083
638
252
203
399
517
266
033
290
477
376
552
147
999
289
744
379
981
588
894
747
056
270
601
730
152
439
728
209
507
279
289
511
400
954
992
481
632
084
030
438
897
060
626
408
092
970
099
474
495
780
954
345
696
591
234
623
582
193
042
591
993
317
908
522
462
656
528
213
940
045
064
996
167
069
629
581
953
778
417
506
920
824
370
764
802
247
110
812
971
138
955
228
483
747
660
101
970
365
360
867
794
461
029
425
490
711
299
122
088
881
098
523
265
461
443
444
838
649
319
197
679
059
395
467
538
831
792
034
485
153
304
059
719
060
392
251
215
650
946
926
394
574
539
653
