802
507
162
650
810
064
342
035
246
578
953
547
928
832
721
935
030
588
357
044
535
644
556
056
743
968
716
157
697
626
987
328
042
623
723
040
942
813
373
873
496
656
848
313
807
856
282
350
323
869
651
562
329
805
395
186
678
809
604
257
803
524
289
820
985
968
205
825
909
222
740
145
793
523
202
903
083
818
185
610
276
986
505
440
250
135
793
012
570
824
463
821
840
177
589
845
281
064
803
952
321
902
350
145
894
985
042
246
143
852
419
659
172
391
168
679
832
868
141
260
783
618
932
273
261
459
244
506
238
851
625
214
068
844
628
531
236
890
734
583
594
598
996
709
050
518
090
116
413
088
812
366
158
306
343
183
408
271
809
307
756
156
013
598
123
037
999
627
726
499
611
197
000
136
487
878
121
726
420
396
741
713
161
187
786
540
625
464
555
929
484
500
124
825
891
075
350
513
976
760
008
932
345
414
930
785
456
745
619
401
849
118
877
442
286
890
565
542
393
511
423
305
591
969
232
246
353
210
608
207
549
868
845
369
954
849
606
993
207
790
493
423
873
220
910
638
564
631
807
659
224
101
550
220
275
095
225
065
808
161
358
515
974
765
371
979
204
218
834
974
589
717
344
570
642
031
176
100
904
746
037
049
439
295
228
327
685
535
033
209
634
978
357
336
737
347
805
599
336
425
793
619
950
988
204
927
603
865
219
312
595
177
808
773
700
622
066
240
727
150
245
018
933
278
798
458
120
894
180
541
833
732
663
208
821
566
638
955
461
414
182
020
594
335
904
165
211
276
722
407
314
965
493
446
063
730
745
643
731
526
064
425
263
699
646
748
458
181
889
247
386
091
913
432
560
991
212
316
056
593
991
682
249
943
099
085
433
091
416
146
861
154
050
003
833
728
997
166
243
262
820
063
996
716
793
752
661
109
876
967
183
144
570
245
946
648
123
828
030
028
124
317
574
845
475
664
165
178
808
742
051
944
003
235
090
322
394
516
236
537
503
986
468
890
922
366
476
462
528
944
329
558
101
202
596
454
337
045
619
887
752
827
870
862
646
696
924
857
964
354
097
783
109
620
113
246
220
594
870
903
712
450
047
189
701
148
316
696
230
706
771
958
509
787
759
975
227
606
632
386
862
117
453
487
755
973
697
748
380
342
303
434
534
997
813
399
471
374
776
388
571
781
204
402
496
335
175
018
233
989
697
375
871
927
107
885
266
135
518
663
601
600
020
144
525
689
129
647
309
588
962
117
215
847
883
973
374
421
501
091
513
801
728
479
380
837
224
853
967
133
255
957
883
845
451
273
936
018
347
587
604
464
149
973
322
262
324
194
471
086
322
795
073
581
863
801
138
804
726
780
063
655
508
855
264
031
802
085
906
922
253
105
027
949
717
831
646
969
321
277
686
366
493
452
350
240
129
336
993
029
722
774
863
577
365
445
749
856
380
798
115
882
351
098
317
704
421
623
627
507
882
028
958
121
674
962
318
153
373
067
340
865
509
858
458
146
027
577
963
242
847
792
679
628
197
332
368
035
165
424
025
945
603
278
253
383
785
591
283
694
004
667
995
435
544
350
109
305
685
917
948
808
460
201
011
334
072
615
923
943
539
180
453
492
715
644
282
866
084
837
999
042
822
648
827
639
014
633
854
287
390
542
983
424
878
947
029
757
461
238
894
274
147
579
061
893
568
647
624
010
058
385
137
607
868
422
244
609
032
939
232
098
087
322
424
725
125
710
731
117
354
780
741
964
820
372
520
159
881
765
465
382
996
788
735
517
274
730
998
836
817
511
940
603
992
482
447
717
699
214
645
271
438
893
676
616
184
719
876
653
812
458
939
345
113
142
245
066
693
650
730
189
569
300
494
203
992
497
114
005
924
731
325
961
464
474
312
009
867
537
950
070
621
526
335
967
138
077
562
622
071
486
847
358
590
112
202
950
886
008
603
332
272
801
681
745
612
235
623
119
615
249
888
051
375
564
839
901
595
035
392
128
915
351
442
157
907
558
509
686
305
850
466
956
783
728
341
192
390
482
156
562
977
849
926
076
005
488
033
061
505
515
430
075
415
648
238
951
791
639
786
817
639
443
954
356
956
192
437
020
657
384
512
555
298
268
414
289
412
751
393
292
985
748
685
235
155
439
998
305
667
914
056
006
255
749
752
984
039
059
512
870
441
018
292
480
185
645
781
819
751
981
005
857
333
230
187
631
705
396
843
044
610
242
134
847
579
642
032
066
629
695
079
626
759
998
574
213
810
811
726
958
093
732
868
315
760
308
481
929
313
084
616
950
288
418
295
611
077
690
432
831
548
539
874
856
991
452
184
528
366
810
434
588
941
877
569
897
317
215
841
458
078
295
510
903
605
247
034
487
602
515
377
309
403
178
288
376
588
014
811
968
770
544
714
220
315
098
205
161
999
796
150
176
768
166
538
567
939
399
151
130
919
360
112
579
392
651
875
229
323
916
787
578
815
385
234
131
405
845
651
990
609
978
679
683
149
485
181
114
197
263
167
461
038
881
134
323
397
200
442
152
007
194
889
585
397
397
616
176
761
435
661
142
148
352
027
117
862
150
520
852
156
373
872
980
009
290
240
346
282
841
828
346
202
777
695
099
188
624
416
511
559
567
787
400
151
103
039
040
533
275
140
194
797
822
090
434
822
402
160
006
110
945
731
869
826
349
533
634
873
338
795
742
189
824
934
977
942
376
636
778
396
919
948
819
771
485
833
705
244
625
088
002
959
547
529
758
727
088
767
527
486
989
100
824
245
142
101
520
161
913
710
556
210
092
031
893
155
287
522
719
640
439
632
796
042
757
935
781
137
315
298
198
947
382
099
042
780
528
752
626
712
535
338
891
838
270
807
450
147
661
836
980
241
621
661
952
185
806
186
185
609
923
808
941
984
307
000
475
201
511
265
103
599
774
853
601
642
285
698
132
362
062
447
423
515
918
424
363
912
925
267
904
831
110
543
551
048
643
611
789
256
125
849
629
296
324
705
908
906
407
630
715
003
790
544
727
413
696
596
900
962
263
854
702
039
026
860
708
174
706
561
935
950
083
156
539
292
439
981
872
051
510
995
897
772
028
341
515
110
036
880
173
795
587
432
352
567
043
541
345
042
995
849
297
786
549
254
025
056
565
997
593
186
637
825
951
198
910
368
419
953
960
365
496
000
194
203
970
339
507
477
814
149
853
359
009
061
191
452
565
516
184
264
325
178
086
157
872
731
783
237
544
440
395
243
554
625
005
681
521
382
630
095
376
558
025
576
466
994
473
008
251
304
267
637
946
034
692
726
815
619
770
351
374
416
366
058
787
892
975
196
637
054
766
354
027
426
361
186
403
493
800
972
856
465
066
647
234
810
804
237
171
686
237
730
052
145
329
737
648
517
117
990
489
405
172
788
163
972
495
714
443
952
358
831
387
039
509
734
810
522
009
243
950
312
503
355
847
505
327
774
283
050
405
987
231
906
808
213
361
205
244
259
311
386
375
943
230
436
854
564
797
893
381
701
875
642
721
956
432
524
772
785
933
346
229
237
867
631
047
112
796
641
683
860
523
343
207
447
338
223
091
129
684
430
337
598
434
268
728
692
278
916
724
801
893
634
686
094
853
686
059
802
664
098
150
985
319
697
746
430
023
611
805
714
807
356
597
009
632
175
492
255
367
220
048
527
863
471
580
932
517
865
390
903
475
124
771
412
112
344
523
373
780
061
749
169
533
683
150
683
544
898
023
338
111
953
755
771
300
786
261
022
479
855
870
977
548
446
364
826
406
296
117
240
947
943
039
891
609
628
359
229
193
567
042
597
337
579
596
942
506
090
772
021
094
117
345
857
652
022
704
704
924
533
628
435
740
121
282
803
782
292
338
023
805
098
515
167
235
571
384
176
672
881
304
914
298
770
747
583
795
091
092
038
138
469
526
644
027
971
408
182
360
100
367
683
606
950
490
587
462
949
341
860
199
202
373
916
754
851
917
426
330
891
605
081
947
034
845
306
244
086
281
993
090
798
069
927
563
808
432
158
590
999
201
032
272
889
205
499
459
536
049
383
041
769
414
760
514
955
434
449
703
057
532
979
885
766
105
387
865
903
134
450
630
066
744
075
271
259
656
976
050
871
328
465
235
549
160
915
378
646
064
251
657
970
015
608
740
154
929
042
370
499
109
283
902
755
386
357
690
638
343
030
424
403
123
626
063
816
319
027
464
073
087
311
160
062
175
797
969
695
106
769
930
418
131
431
477
942
805
980
779
362
040
089
538
562
145
534
415
712
261
104
563
031
847
208
709
121
759
014
050
513
484
817
909
430
370
781
299
005
792
611
490
129
760
784
494
182
996
655
634
858
230
675
341
806
788
794
630
561
011
477
024
249
204
866
279
034
506
362
933
346
903
584
080
132
318
512
233
055
779
971
578
642
713
115
964
852
478
884
148
668
232
669
348
636
859
144
135
243
053
194
902
951
036
216
654
319
230
412
350
448
640
475
236
028
995
139
466
323
026
638
706
464
706
554
327
863
909
847
283
010
183
609
065
531
969
668
392
554
417
603
025
783
245
839
907
807
813
293
089
065
089
031
581
869
324
244
357
153
037
178
897
502
223
041
234
853
340
232
538
062
238
050
905
231
232
764
258
916
385
812
266
744
749
884
081
729
799
246
116
894
830
486
096
421
326
410
554
396
894
931
504
980
235
041
127
232
499
413
135
444
969
284
944
331
999
920
519
260
221
972
374
114
652
224
537
782
943
391
735
334
052
996
024
399
901
404
034
354
079
681
854
709
515
806
612
033
097
717
494
080
814
916
460
305
428
010
932
094
258
426
149
505
874
018
688
503
266
380
715
236
843
058
644
879
910
021
044
959
901
382
684
387
294
839
808
016
340
092
194
127
621
383
935
733
643
535
934
462
817
362
198
113
316
907
333
185
548
384
872
837
988
085
957
112
720
008
775
043
577
023
942
209
218
702
770
912
482
028
245
021
113
312
122
241
975
778
119
781
027
610
109
789
753
720
997
223
974
312
812
263
023
680
165
725
071
376
054
631
859
857
571
271
674
272
021
173
337
487
758
652
122
166
444
126
696
970
793
311
956
991
519
644
826
085
648
939
982
460
217
652
613
341
051
119
613
790
799
199
899
585
329
601
896
095
408
958
075
082
041
237
090
049
769
240
669
339
720
344
000
677
358
674
453
376
797
088
823
191
972
554
745
508
845
201
731
240
345
458
656
485
100
118
391
721
559
446
866
681
332
000
786
948
758
498
496
111
674
613
933
181
168
528
794
442
326
615
494
846
910
977
091
690
328
838
295
144
254
166
363
884
523
463
749
791
210
303
340
375
528
104
424
273
802
500
028
737
051
647
264
424
531
535
287
325
143
739
610
667
384
360
598
542
485
328
185
620
560
850
489
479
842
742
542
964
765
601
799
425
717
943
508
039
439
519
483
857
087
967
274
328
172
362
046
840
315
056
493
564
875
727
759
856
725
819
012
928
849
783
838
070
535
492
458
348
275
087
812
050
664
025
391
717
375
107
993
498
830
736
753
748
103
645
351
843
662
053
263
127
602
352
753
975
823
008
594
736
560
998
263
729
441
592
219
110
290
766
206
340
282
957
264
098
160
952
949
208
010
191
346
676
056
266
988
544
654
249
170
664
176
496
355
347
882
101
188
072
557
081
542
339
737
568
996
001
453
977
088
500
389
957
085
005
132
541
303
864
619
161
226
423
124
329
316
316
332
791
213
223
790
734
081
923
989
702
354
836
656
590
004
042
030
450
751
784
009
459
145
044
989
987
785
818
259
908
471
377
601
765
551
636
667
363
499
667
788
160
263
474
517
913
747
969
088
101
939
204
409
412
220
345
866
038
947
830
476
456
406
737
576
095
180
662
533
444
562
161
292
496
820
737
557
848
525
612
268
208
456
356
866
398
174
638
099
298
905
538
968
659
023
059
850
620
273
008
000
400
518
478
559
389
339
021
879
550
811
570
378
206
878
993
583
100
380
729
619
889
887
642
486
186
710
785
588
027
790
377
418
853
518
756
887
606
108
432
890
330
518
269
271
553
921
870
044
116
651
218
417
668
264
723
743
270
099
481
961
904
929
816
187
996
112
279
976
077
205
676
681
684
399
334
718
281
051
641
477
080
375
903
451
258
864
810
239
703
074
810
121
481
973
238
474
106
293
649
546
389
746
444
069
926
985
947
226
458
661
290
596
251
978
947
609
885
083
466
166
049
107
187
428
990
063
341
174
830
531
094
513
033
986
738
199
611
537
183
086
536
971
374
176
246
710
085
449
266
684
127
948
038
506
588
099
679
373
853
858
033
930
566
020
468
462
095
283
041
832
613
217
269
424
318
540
213
478
916
452
973
462
531
344
625
078
777
332
332
842
968
038
980
692
507
325
283
264
325
773
530
338
918
510
505
531
370
477
003
823
334
697
949
213
800
360
130
688
335
304
666
957
770
566
505
106
339
946
788
206
635
953
954
337
233
601
217
662
539
580
864
792
160
607
727
474
389
320
869
294
969
174
439
393
835
784
960
749
656
628
322
327
952
441
582
173
145
861
257
232
499
824
846
601
697
473
531
576
763
116
519
441
700
737
147
701
760
044
606
884
218
613
393
333
971
505
013
370
702
052
954
755
728
055
761
874
565
577
167
417
312
506
149
353
090
802
438
923
906
377
799
445
817
502
558
883
880
329
142
595
724
286
952
728
151
591
794
850
683
339
261
733
747
779
154
781
139
636
581
954
471
112
538
291
649
746
792
884
425
432
382
149
989
115
839
168
244
183
747
173
981
756
362
419
389
433
790
501
052
610
762
736
655
295
223
047
039
308
679
592
758
915
916
291
104
513
806
601
333
781
517
791
053
078
447
428
280
847
740
148
956
207
224
682
312
426
167
698
870
418
172
025
702
752
257
542
991
687
990
038
385
004
061
788
924
415
510
875
567
544
350
907
364
372
353
629
429
851
232
819
564
156
648
788
480
119
855
490
422
010
585
569
396
643
015
683
631
841
516
202
158
974
340
572
037
058
113
303
341
265
567
914
452
559
220
040
467
286
088
216
329
877
561
474
401
313
290
437
988
738
587
529
842
740
277
702
762
719
755
457
611
849
110
433
710
242
679
928
464
091
408
664
802
269
226
148
467
172
595
178
462
277
954
581
257
543
184
165
688
491
864
922
421
074
372
920
406
799
206
669
827
823
536
789
375
316
456
167
634
072
220
040
212
617
777
422
975
062
690
213
658
040
812
199
366
703
318
499
020
951
319
618
552
652
763
454
680
495
779
123
925
328
737
465
875
834
210
499
870
945
936
406
684
507
084
431
188
682
430
593
593
462
169
525
261
776
860
712
143
430
456
879
861
356
479
171
916
489
849
925
398
095
040
206
283
814
364
760
239
312
182
148
360
789
313
131
427
455
214
124
705
753
232
395
868
287
742
707
058
113
103
022
262
203
020
355
477
514
261
139
438
884
598
739
510
342
629
143
392
862
603
960
915
924
530
300
577
824
052
412
157
175
705
510
926
827
241
498
116
815
818
906
618
872
905
470
130
013
862
673
638
253
637
009
992
164
616
222
197
023
104
367
164
543
484
672
519
666
626
720
326
926
873
140
144
578
173
129
879
012
382
982
678
416
944
017
146
289
335
559
675
766
913
273
513
766
353
226
748
357
978
291
311
068
249
601
246
919
810
428
412
256
991
106
167
246
807
858
543
085
794
751
380
116
728
437
383
712
740
602
678
351
382
215
134
559
374
070
527
317
643
756
781
466
402
958
768
325
805
698
579
649
314
040
244
822
219
293
646
495
931
815
351
106
485
158
034
244
798
262
881
391
751
648
380
889
297
531
498
593
528
562
638
264
484
829
544
393
030
483
521
545
509
479
657
259
077
497
023
359
214
295
020
897
911
792
821
397
024
265
145
657
776
394
109
491
654
116
296
417
753
005
800
686
038
496
752
865
910
349
057
604
885
239
382
753
761
559
336
384
018
663
644
255
329
627
226
385
873
239
173
981
435
250
460
920
049
363
055
158
995
000
375
854
073
275
461
940
871
148
257
250
749
750
676
280
858
236
715
062
005
275
492
524
102
606
906
450
286
278
328
241
972
464
821
196
872
649
698
225
384
669
967
661
135
926
530
681
003
963
149
374
197
159
914
918
002
319
653
989
996
790
412
600
437
590
919
497
146
280
555
191
973
476
568
528
759
076
550
464
109
493
792
200
322
002
497
176
519
890
887
547
568
085
186
537
239
558
217
837
935
704
355
220
300
114
677
520
099
007
230
314
998
100
466
906
690
679
082
192
646
487
313
991
434
511
405
800
990
906
291
453
922
086
500
343
424
118
399
138
142
871
957
571
304
517
810
215
180
551
790
566
354
143
388
242
310
035
922
983
935
608
154
255
026
656
662
420
566
361
386
937
077
160
668
691
982
836
138
140
987
061
784
306
725
041
539
368
395
634
493
663
952
547
468
324
531
418
769
635
060
936
866
874
388
150
134
683
127
663
839
844
018
459
513
051
778
452
896
687
964
765
453
772
585
440
927
219
675
064
440
352
234
006
474
140
660
965
074
833
303
607
121
001
107
499
079
237
313
554
828
476
241
168
943
589
351
145
835
422
150
791
365
669
192
619
068
061
984
185
692
994
143
110
708
108
704
484
835
424
224
287
064
329
435
475
362
743
580
008
576
857
840
928
965
238
989
067
735
824
729
476
569
009
902
899
701
349
681
057
778
578
429
522
854
814
687
589
900
473
047
353
819
145
075
170
554
611
351
211
223
085
994
916
805
272
073
740
166
963
518
539
256
762
110
468
469
414
663
721
289
330
404
663
181
023
962
283
203
231
874
631
258
264
011
625
980
906
488
114
833
130
866
186
117
444
259
579
392
954
677
126
998
950
273
290
908
330
396
730
675
407
583
999
982
181
071
013
804
159
082
052
316
381
987
517
210
453
113
402
963
756
487
592
734
714
774
341
076
132
403
922
790
673
148
103
828
103
138
783
660
886
660
733
812
878
912
218
203
782
194
695
771
939
616
174
855
693
350
412
337
557
301
710
792
760
548
084
520
735
692
902
789
813
401
413
536
188
148
201
067
867
562
025
280
809
326
414
110
818
497
362
936
337
665
782
745
900
