848
350
361
240
841
179
320
098
223
442
121
261
757
477
368
639
043
199
770
446
312
789
534
385
924
498
423
357
767
340
743
911
712
625
435
678
277
332
812
431
607
848
019
228
381
486
938
793
034
965
927
715
173
511
915
346
509
531
454
837
722
704
556
421
265
589
863
517
519
011
763
488
881
441
770
528
565
606
028
032
879
897
331
926
504
930
996
757
167
733
611
722
317
514
856
274
195
506
044
906
297
275
363
438
104
749
011
285
088
385
325
927
329
488
255
137
902
889
506
667
761
571
919
226
946
529
594
962
188
262
040
387
743
530
380
187
207
653
189
125
575
174
601
911
813
578
295
130
136
658
