776
991
890
509
223
346
007
406
221
840
574
974
117
744
196
079
245
472
807
731
976
042
921
040
390
450
341
028
675
857
268
742
729
972
915
982
153
065
366
187
895
089
731
816
572
950
179
529
300
643
690
571
571
520
950
876
702
760
345
840
214
281
302
328
838
356
599
486
255
314
400
361
265
233
858
868
185
933
798
129
449
302
823
084
465
319
422
586
123
114
209
624
806
736
262
950
864
760
013
660
263
666
978
534
059
152
127
566
267
414
295
582
521
251
357
017
742
712
427
426
112
507
858
641
758
655
698
808
019
823
493
584
106
477
838
804
252
547
239
730
126
869
656
847
616
805
371
022
922
074
646
553
100
466
250
741
768
517
741
376
017
682
502
311
391
802
383
126
739
261
849
703
112
364
219
496
068
649
010
300
494
114
287
340
165
804
771
913
194
424
237
241
934
011
193
530
143
731
248
053
979
121
978
925
081
704
133
604
875
323
218
440
258
603
420
078
634
917
579
382
494
348
296
198
053
337
641
951
954
982
991
024
775
178
864
455
409
413
378
980
323
542
034
341
346
275
735
220
488
308
787
297
506
382
201
502
223
515
152
485
535
846
725
824
385
289
299
831
229
801
500
287
764
273
851
821
586
457
124
067
552
158
175
861
852
719
990
272
568
759
447
904
366
742
818
547
410
612
710
027
464
812
681
350
545
048
136
401
150
344
289
630
672
613
434
206
528
351
180
012
905
767
761
622
127
116
849
472
961
669
855
762
921
237
979
976
189
159
889
678
076
549
273
618
018
442
756
331
717
891
701
939
422
237
189
583
186
290
335
582
385
980
794
298
279
597
226
446
753
266
637
657
038
478
334
958
653
401
736
051
110
040
910
614
416
779
967
401
941
374
721
177
669
312
875
089
308
940
001
499
039
418
162
710
522
981
015
306
713
030
253
108
184
314
361
883
936
197
472
667
417
775
746
859
551
683
294
169
517
824
657
474
001
959
733
293
716
179
763
366
532
549
637
525
659
810
366
604
864
920
411
101
379
480
107
193
361
521
879
479
339
906
325
357
392
013
626
526
419
926
036
617
914
117
685
815
619
707
568
398
576
402
439
067
472
554
793
294
278
553
781
725
236
145
751
262
041
268
233
108
724
149
473
339
695
760
222
826
318
035
249
369
968
287
053
076
352
563
274
412
330
373
599
373
844
688
598
766
008
941
029
702
754
646
903
791
516
619
732
067
685
390
568
718
695
408
414
344
931
038
677
909
066
631
399
752
675
823
464
275
887
573
362
919
502
940
486
785
540
212
878
090
665
497
359
082
735
419
618
144
517
712
586
660
667
785
391
114
035
457
257
617
179
232
410
277
886
975
875
047
941
441
623
143
731
789
958
909
574
343
484
136
499
205
281
890
962
529
096
737
512
277
091
845
494
876
912
609
322
046
932
836
275
331
209
734
564
205
767
990
779
747
913
819
322
726
859
888
689
981
609
963
502
517
748
439
061
321
463
126
147
960
924
743
881
610
166
109
044
169
817
077
853
390
004
498
794
227
762
824
881
958
371
537
812
856
096
404
953
477
379
207
478
452
389
408
212
749
375
954
954
815
018
793
466
132
084
769
473
821
411
118
402
658
387
325
536
769
114
116
852
966
432
193
771
984
109
201
147
744
066
599
974
587
768
775
097
301
446
287
652
447
799
567
449
616
339
582
821
161
478
072
765
609
675
910
620
496
866
369
417
099
632
102
497
012
327
751
996
570
053
237
133
456
545
606
413
971
688
567
854
460
112
814
059
710
371
462
598
969
482
421
221
017
165
919
463
629
120
397
946
487
504
474
184
661
117
645
201
591
023
839
712
200
710
757
703
202
560
094
109
196
453
864
107
170
856
855
856
208
805
862
407
413
401
405
447
742
177
304
352
967
560
752
496
572
218
149
388
312
043
698
931
513
737
134
262
003
407
446
217
190
475
639
514
239
095
282
105
725
698
773
210
280
599
517
157
133
526
172
722
017
452
290
610
115
476
088
859
707
491
643
240
968
202
581
875
264
358
319
865
109
540
241
190
191
177
883
831
537
102
655
762
799
376
187
638
481
754
424
959
637
639
688
379
677
801
392
265
378
129
604
744
471
868
791
619
008
107
748
128
475
351
353
377
248
148
390
959
686
122
312
470
557
975
427
104
104
998
038
938
976
627
219
388
596
110
459
676
404
724
731
412
491
598
013
240
405
239
271
836
638
618
383
079
720
669
971
395
519
764
235
736
026
136
629
913
630
247
034
777
838
587
552
448
877
273
747
724
255
355
379
378
888
791
516
114
321
861
920
532
367
647
446
283
752
262
354
046
895
825
313
220
465
815
861
059
368
828
716
090
674
467
079
654
196
533
178
492
207
295
051
521
743
092
695
068
270
889
130
199
787
458
785
781
658
468
419
759
786
613
729
531
509
191
117
656
438
936
355
566
304
205
446
223
915
522
143
928
920
484
243
271
823
092
518
739
099
091
663
547
737
801
753
526
592
064
523
503
941
417
451
853
373
860
834
773
075
128
626
178
892
197
164
035
024
212
539
683
339
629
557
184
964
388
290
435
849
443
479
091
082
347
922
992
200
270
690
845
822
464
309
687
988
557
025
671
808
942
207
862
194
573
683
053
299
992
825
573
531
650
398
607
916
996
409
632
153
818
680
012
502
789
786
821
721
039
838
331
058
475
350
511
755
019
797
770
652
563
499
549
248
869
443
339
428
156
324
338
067
122
026
314
311
183
419
229
001
257
913
187
259
654
173
957
920
072
879
382
715
539
147
786
881
001
086
654
415
757
357
810
397
056
162
693
830
215
088
846
282
157
055
671
330
412
346
114
977
516
495
767
787
267
505
100
822
290
769
117
987
278
049
553
032
338
364
773
398
871
343
316
332
539
162
826
835
782
330
791
704
009
860
192
789
235
387
056
217
164
302
502
208
303
884
926
419
439
616
918
458
595
021
963
885
923
634
241
858
656
949
076
175
136
901
043
665
468
760
086
699
745
732
053
458
996
137
665
146
373
942
639
743
152
329
041
251
718
569
517
650
376
789
144
689
104
805
266
492
666
938
012
690
073
840
451
252
239
620
252
366
782
259
483
169
854
347
314
214
018
812
377
911
621
107
574
907
537
150
401
583
583
754
774
642
670
757
913
957
390
635
254
798
646
433
080
471
370
353
415
246
456
040
007
521
992
861
229
828
828
824
947
239
985
785
166
093
964
019
710
153
250
663
981
754
180
215
788
754
311
612
247
685
476
461
625
414
563
108
997
960
489
495
351
436
210
038
329
914
612
595
270
042
213
659
289
890
216
424
669
073
593
880
973
393
865
343
310
092
880
804
919
624
478
963
678
798
590
600
917
113
247
682
609
350
822
287
466
591
589
226
010
289
503
022
812
644
954
727
204
866
733
404
300
009
600
796
234
912
336
270
118
427
883
750
055
487
159
638
569
001
736
237
084
563
404
052
698
646
695
746
530
015
011
184
629
707
776
050
581
072
106
269
237
466
693
194
645
242
355
948
916
567
703
501
537
672
477
604
384
189
027
956
661
465
325
814
245
908
251
856
453
968
617
410
478
127
396
714
166
672
074
571
026
804
025
524
519
985
278
575
412
701
969
705
447
734
085
330
628
329
186
756
159
027
071
798
626
064
712
625
591
221
628
201
368
518
876
006
703
577
935
546
110
141
009
304
010
470
736
975
804
263
713
973
917
945
600
171
507
582
258
377
399
858
517
707
811
493
434
069
396
053
694
078
129
459
070
974
473
371
973
514
619
492
353
949
196
569
709
605
341
069
733
620
935
544
363
999
567
035
150
293
397
027
072
303
251
896
736
339
281
485
445
586
730
219
231
124
500
412
022
096
304
057
679
045
462
985
081
021
165
525
906
929
490
009
423
212
918
947
613
096
021
073
492
726
201
886
492
331
303
200
443
719
219
922
494
132
341
417
465
662
398
471
912
624
387
552
305
355
832
871
202
553
952
131
052
199
848
636
346
891
268
873
408
721
941
374
911
553
301
371
709
602
987
943
415
461
941
782
680
539
782
512
704
697
972
520
091
225
485
641
401
533
747
247
120
876
116
188
310
963
579
840
787
364
792
073
693
460
729
206
220
062
795
432
025
838
995
653
642
820
866
970
541
673
962
569
259
490
044
285
709
738
801
714
419
059
489
699
837
414
048
565
650
440
624
824
213
129
322
859
314
712
704
821
765
872
648
808
930
757
012
538
073
116
998
130
447
797
434
895
923
662
419
885
831
297
597
800
487
013
207
015
742
909
718
800
636
850
255
308
623
005
007
122
303
504
318
226
580
119
829
421
946
678
471
050
364
550
110
524
420
159
314
278
961
856
166
568
330
199
611
072
845
594
564
962
371
668
212
420
792
453
584
879
838
535
675
277
670
174
506
719
731
105
998
490
721
962
935
620
825
069
483
665
961
157
583
013
733
855
225
879
697
300
932
401
741
561
976
530
892
168
117
343
004
750
051
732
952
437
131
985
353
666
378
030
011
958
790
384
686
545
104
656
320
824
698
478
824
230
178
439
947
952
719
522
975
595
141
625
203
125
890
785
358
366
675
951
434
455
670
115
506
122
122
539
823
381
706
349
751
386
058
969
531
434
958
243
929
197
530
576
159
362
635
318
627
674
805
733
721
580
335
477
921
843
173
430
548
538
305
275
596
599
316
573
854
378
635
005
366
016
105
005
904
610
965
526
281
990
352
409
123
603
759
104
941
114
148
138
468
797
799
844
607
554
196
152
385
407
987
919
093
252
479
448
439
157
987
864
944
452
080
178
272
881
845
781
815
078
202
074
946
644
319
724
748
392
185
853
419
931
005
759
336
435
863
398
090
487
294
389
177
440
662
005
954
600
914
968
459
753
745
784
962
985
653
816
601
835
293
671
924
215
545
311
640
560
851
182
942
534
534
738
081
796
123
886
855
029
383
543
491
708
070
245
816
440
371
064
095
619
610
243
210
060
836
980
483
844
790
163
709
048
516
100
526
125
371
688
601
581
763
490
235
847
073
442
716
140
401
560
319
715
597
108
838
009
062
156
219
986
895
853
645
168
013
576
366
182
341
425
266
160
656
402
937
915
639
282
933
212
503
317
395
227
756
537
013
836
449
863
244
686
705
028
531
738
145
148
299
648
947
605
650
857
844
975
438
297
775
236
967
252
815
798
841
532
238
292
842
288
298
444
775
603
211
097
846
897
661
239
755
221
771
914
124
065
637
911
105
962
738
263
432
551
808
073
459
659
031
313
818
470
845
615
846
946
240
132
758
509
875
310
333
817
664
588
528
642
185
853
806
397
886
101
580
535
740
386
310
438
389
142
984
444
743
099
271
909
421
766
419
933
476
763
952
887
749
484
810
783
872
111
297
523
650
960
784
711
224
715
459
539
547
390
566
952
732
602
223
772
723
087
005
627
739
623
899
868
763
530
612
814
164
835
224
948
760
316
386
595
517
533
283
814
376
279
364
092
587
413
091
066
309
638
737
350
313
670
084
408
049
797
084
168
934
579
752
996
316
404
805
861
099
732
672
443
880
403
465
230
192
525
147
359
990
659
038
128
984
363
559
213
904
774
212
370
508
970
055
315
583
629
766
866
768
051
400
783
299
899
462
693
023
215
781
170
341
184
267
408
121
212
301
584
811
313
584
069
169
112
682
394
409
361
740
338
273
643
955
887
212
293
242
439
825
109
560
667
663
414
978
806
572
873
259
780
416
012
927
616
582
585
282
651
512
494
071
635
016
172
293
049
196
432
617
689
444
474
118
264
340
796
933
212
491
306
092
421
816
244
014
879
727
735
767
949
409
497
943
166
958
959
627
792
202
255
466
099
809
422
394
055
748
437
547
038
842
763
398
220
597
543
687
117
549
143
907
264
286
898
765
332
452
958
995
928
817
513
571
684
498
677
198
660
739
525
392
462
207
107
895
417
126
345
139
322
822
350
624
668
176
067
296
399
875
398
656
191
707
139
432
008
828
676
224
499
886
014
982
684
731
361
746
499
105
071
480
824
736
476
561
767
136
002
175
754
374
214
424
277
144
358
347
867
281
433
600
375
478
446
799
403
005
032
628
262
403
516
919
151
827
870
119
377
337
105
004
518
534
191
505
205
359
671
026
913
877
023
799
144
567
559
664
753
186
409
398
338
382
200
491
348
680
274
671
361
795
187
051
042
741
220
793
768
927
411
346
116
242
062
428
878
539
124
634
489
364
113
997
377
613
247
621
607
067
753
139
907
725
583
288
318
461
975
750
880
085
767
223
145
155
372
209
919
323
896
951
529
256
745
059
185
386
553
672
175
844
597
341
428
530
597
706
133
173
409
572
562
345
803
620
287
617
015
342
369
053
801
710
329
006
094
112
134
669
547
544
019
293
846
995
222
762
429
714
693
281
106
120
119
673
044
272
179
730
694
643
898
919
388
088
222
749
622
032
165
124
912
482
973
858
210
481
764
421
943
657
227
823
367
665
239
144
926
470
166
377
732
879
718
413
999
583
057
236
459
114
657
983
268
843
885
278
181
441
528
435
281
412
729
560
930
846
333
625
790
657
003
749
067
877
143
062
490
279
770
533
224
645
644
913
146
007
213
356
923
067
760
748
497
906
887
727
144
953
115
820
436
686
530
790
525
475
426
271
900
754
616
412
148
538
768
635
773
473
034
349
934
686
887
992
966
268
503
956
447
037
136
605
327
267
675
389
500
487
953
544
569
713
746
046
721
246
665
271
273
339
580
172
876
872
916
115
810
377
661
615
344
116
848
220
068
674
995
600
163
787
588
179
239
708
596
127
466
620
902
030
592
409
145
098
703
111
094
645
210
210
831
618
445
365
404
373
793
712
998
990
076
641
719
823
397
664
842
090
677
758
461
486
817
418
645
157
644
459
068
122
273
472
420
684
090
152
865
363
859
401
037
926
546
857
652
675
163
280
680
511
098
104
243
433
329
022
909
852
888
402
050
638
980
422
972
634
783
571
457
574
184
727
078
042
739
805
971
665
217
978
853
008
451
069
876
683
798
765
223
186
551
215
915
569
343
947
062
639
132
870
940
765
033
593
819
308
555
497
716
061
406
429
669
360
843
624
188
173
307
813
443
935
271
196
728
676
933
550
541
220
328
024
250
436
007
020
120
640
326
401
770
879
836
085
846
955
960
165
805
703
358
246
959
942
820
773
456
824
502
645
642
918
445
705
127
320
519
615
536
361
342
528
359
961
885
413
057
779
361
911
769
968
434
653
106
137
877
170
285
475
059
155
401
104
014
867
829
533
643
442
942
971
654
683
639
450
492
219
094
358
637
159
282
046
157
788
496
884
404
196
923
973
305
364
788
470
653
035
332
693
846
447
583
727
977
141
268
286
422
699
697
358
526
022
386
672
538
695
547
333
350
110
649
689
611
924
290
827
395
840
945
046
622
301
151
181
002
689
926
256
560
049
786
391
814
779
456
121
765
751
987
060
466
227
890
965
267
565
591
727
989
420
907
289
635
686
707
314
938
833
819
994
981
017
757
467
750
702
828
256
805
626
030
187
084
498
306
491
142
797
933
317
725
464
124
961
526
882
021
999
048
714
615
017
171
743
304
950
700
808
430
303
209
503
769
524
156
587
653
128
011
547
611
024
929
223
718
243
093
355
680
852
120
445
060
217
514
994
602
743
050
525
259
600
539
089
542
278
248
647
937
183
106
669
679
803
318
361
909
401
983
577
081
609
561
811
159
777
485
934
367
259
160
639
399
454
307
115
788
120
040
391
351
621
096
512
289
863
631
673
901
924
090
367
845
123
660
838
756
766
774
507
960
599
036
106
139
974
942
579
721
712
973
958
804
890
005
600
592
795
034
810
316
024
823
761
198
761
267
682
329
625
633
245
658
768
901
791
959
598
984
510
809
547
961
156
675
131
698
349
664
785
256
758
955
574
877
394
776
812
368
966
327
251
703
716
937
986
715
046
720
375
767
002
015
743
178
170
343
297
614
565
732
332
278
338
028
517
957
861
678
681
424
115
689
087
197
988
320
356
090
883
170
171
594
169
195
999
531
733
075
670
707
099
841
527
016
326
140
253
112
140
805
492
213
776
786
015
301
277
098
903
164
882
154
876
721
319
801
855
356
604
536
167
597
814
332
275
375
463
675
647
874
191
801
748
412
046
102
591
613
337
799
983
862
255
505
863
872
335
212
341
535
906
042
180
547
287
406
540
890
809
471
258
151
539
412
871
627
664
277
762
596
963
603
844
646
385
688
403
029
322
375
598
203
906
039
631
717
237
452
213
079
870
272
460
907
463
898
439
205
971
569
538
218
631
793
142
068
498
723
005
463
183
966
175
752
830
710
583
203
848
967
978
075
205
948
953
566
417
055
710
178
583
545
862
987
412
588
445
622
080
776
800
199
709
888
822
893
236
828
613
541
084
884
919
654
912
484
404
904
879
734
892
675
289
451
498
377
296
382
692
806
377
590
683
816
200
187
659
045
494
323
762
910
278
598
560
256
696
770
131
201
782
351
058
617
325
696
623
544
722
480
314
767
668
851
153
358
997
923
740
789
974
788
344
301
613
779
407
776
135
229
042
273
344
962
012
349
884
059
050
955
802
226
452
199
936
835
749
174
264
321
174
650
486
474
762
777
332
023
901
994
064
554
202
986
575
002
871
919
166
627
543
263
141
940
368
801
019
975
497
086
886
147
814
667
939
284
537
648
727
985
339
753
416
917
500
269
077
703
373
147
880
503
597
299
085
755
038
373
804
594
089
017
496
511
099
469
078
650
470
179
407
925
734
001
330
081
880
119
538
871
050
126
056
092
356
745
830
357
189
602
423
312
451
747
330
033
184
663
503
501
064
160
039
602
010
437
128
748
337
529
530
228
226
667
538
918
534
870
534
010
252
961
458
294
353
521
118
361
402
307
087
543
605
211
619
575
331
399
916
667
681
446
192
238
509
444
429
258
843
789
894
220
447
811
208
438
485
202
302
604
911
268
530
278
508
161
188
561
609
863
083
441
560
111
404
429
975
139
024
069
280
346
278
179
748
345
337
432
552
886
669
409
022
315
630
671
527
911
507
338
199
323
746
408
654
451
553
899
051
858
484
590
005
858
246
505
138
176
299
486
116
166
166
666
022
512
919
262
464
723
632
248
660
360
445
814
017
182
960
319
255
818
792
900
000
962
005
153
271
794
485
556
752
543
358
812
100
967
752
616
451
954
615
690
217
868
371
348
118
826
428
953
269
911
421
176
455
367
299
641
893
879
862
294
819
185
846
891
590
670
753
686
024
792
552
905
813
053
099
302
237
333
161
391
415
856
995
572
286
293
107
795
939
911
773
586
040
781
269
699
909
642
771
194
503
679
445
364
990
741
322
439
303
745
397
268
969
417
592
136
025
411
381
360
354
322
432
253
225
906
378
214
987
694
770
340
011
989
192
584
529
921
287
818
058
759
151
031
078
635
561
442
972
721
049
219
161
958
817
555
160
630
367
771
839
465
905
711
379
501
669
490
966
225
407
808
102
893
973
609
140
722
872
034
870
436
252
870
271
201
095
219
784
694
459
517
576
931
763
501
781
664
058
327
453
036
088
753
479
893
624
973
879
074
441
428
294
511
631
507
054
829
007
075
305
500
271
473
837
731
624
638
104
296
851
255
206
509
840
140
539
951
095
904
365
610
300
035
971
613
312
721
166
776
932
925
387
730
086
068
123
188
956
689
979
367
141
038
962
951
198
146
461
193
848
585
147
828
400
923
773
584
238
451
865
446
441
090
145
583
314
902
546
614
106
420
496
771
741
410
654
066
604
801
856
969
021
743
387
740
151
407
206
912
887
186
817
261
927
939
917
378
781
476
684
056
003
060
885
396
711
511
895
657
028
324
463
597
067
537
716
754
633
892
387
219
829
620
117
201
875
936
002
242
946
519
925
188
782
825
640
719
736
191
261
319
016
971
869
730
776
401
593
159
741
560
651
497
592
519
041
284
757
573
249
499
098
374
327
040
402
269
136
622
343
879
689
780
153
496
116
706
458
311
415
898
657
084
096
944
298
177
169
076
902
342
980
886
841
006
523
171
564
859
615
412
313
563
632
791
012
144
500
550
972
169
335
347
995
959
814
501
026
580
098
341
672
700
016
361
431
948
928
766
631
995
526
453
304
114
223
899
518
518
704
164
428
152
933
587
491
401
449
292
588
341
836
494
118
135
428
221
959
716
885
555
679
804
214
638
953
833
294
997
126
290
024
254
320
126
711
336
629
680
188
077
084
575
704
844
965
107
326
377
992
227
924
939
707
788
966
968
767
831
555
815
014
436
803
795
839
262
190
845
773
910
558
466
957
902
948
298
909
182
593
735
036
343
703
785
400
623
433
027
535
973
809
647
973
224
889
096
466
063
590
179
193
688
327
961
241
380
155
986
272
794
006
546
829
170
653
919
395
946
450
754
739
647
678
385
735
036
804
628
633
564
864
162
956
512
020
711
827
203
295
024
285
673
108
376
048
222
717
442
720
008
584
544
109
826
403
568
730
313
875
909
384
860
997
125
015
455
895
464
459
404
947
491
683
867
015
692
613
758
443
763
136
858
561
004
387
071
892
655
260
766
677
732
458
769
682
075
814
718
635
167
615
960
675
616
506
519
472
469
025
096
616
468
792
002
532
476
639
035
668
230
399
448
214
435
367
377
558
465
006
155
791
828
226
315
621
006
899
631
701
349
366
435
647
267
290
628
996
647
559
478
943
277
231
169
246
033
853
030
003
409
158
006
695
303
660
549
685
076
159
131
627
661
279
425
507
840
937
115
034
131
213
349
554
711
568
032
423
064
139
502
422
516
257
617
793
824
386
681
357
718
497
042
877
371
020
613
727
513
366
695
052
490
595
410
851
984
869
357
577
192
678
982
636
818
644
234
324
324
437
967
230
871
376
988
708
504
235
616
218
168
621
401
975
548
948
932
167
206
238
893
965
364
162
758
900
906
781
288
272
999
166
872
694
425
152
997
995
114
394
936
887
597
044
840
640
717
623
579
068
345
879
688
306
135
076
432
173
376
165
499
146
090
594
560
591
057
793
279
833
477
653
137
684
271
010
332
489
548
556
410
118
688
413
708
095
923
454
215
972
703
797
993
590
342
313
166
073
802
447
422
784
837
718
467
926
928
886
003
596
521
241
860
229
893
910
491
814
486
146
940
943
329
517
195
067
516
910
748
233
600
024
549
642
700
520
699
236
334
307
980
874
693
262
276
102
400
489
908
199
155
905
372
917
791
132
971
094
208
307
223
892
945
181
983
890
191
792
319
152
988
347
360
094
797
707
288
328
729
260
159
529
160
403
580
704
256
739
468
759
530
495
706
593
440
329
187
727
348
152
289
160
118
978
777
658
545
595
355
028
283
478
486
186
886
462
938
180
423
584
796
037
799
946
765
487
069
334
123
865
410
610
730
783
095
286
185
046
715
241
979
104
928
165
692
982
299
481
778
193
622
500
425
939
384
060
779
914
309
204
607
315
683
331
759
530
988
804
848
213
117
687
571
357
798
809
191
702
289
439
611
906
719
735
511
571
966
885
122
989
703
983
085
829
335
944
727
261
837
784
246
373
356
666
858
867
985
927
184
115
728
518
237
751
899
911
216
590
620
035
995
970
861
364
168
668
250
444
341
730
385
060
961
204
328
744
795
261
333
728
457
027
987
720
127
618
181
319
770
953
459
552
925
219
549
115
073
281
969
928
007
279
868
478
459
537
158
370
414
004
342
428
542
262
741
480
720
594
993
878
763
579
011
749
537
188
939
866
075
801
820
961
113
826
672
390
233
863
800
973
573
097
161
131
857
724
441
681
867
765
098
469
284
748
226
942
674
776
108
420
689
065
207
706
552
766
852
469
322
702
832
801
632
311
803
421
923
237
143
662
907
178
898
859
736
327
924
894
434
079
280
376
712
088
356
484
060
337
801
440
344
101
005
460
639
430
440
619
983
872
242
532
318
210
688
299
797
106
496
234
521
390
974
549
956
289
077
693
705
204
260
634
032
635
122
621
241
170
638
737
267
790
041
086
706
199
461
996
515
096
779
868
104
869
852
107
925
484
345
628
573
733
206
209
378
752
871
907
977
007
521
388
371
365
086
493
864
099
500
287
603
842
834
023
201
807
937
767
555
594
839
304
088
337
756
164
822
669
406
361
456
825
876
676
887
478
792
879
697
851
964
826
328
412
853
998
488
720
152
822
682
827
956
078
650
296
730
653
208
999
954
826
981
885
411
003
506
472
101
006
548
779
312
036
231
179
099
708
700
836
879
138
681
075
407
800
494
390
298
424
445
080
238
121
669
144
379
650
505
231
090
008
462
713
173
934
328
763
781
653
716
321
598
622
363
699
341
995
068
632
895
972
691
476
604
427
707
522
510
922
613
435
120
464
684
680
829
889
589
296
926
867
084
756
525
379
669
100
540
167
745
624
840
792
078
216
603
690
105
502
048
444
277
141
770
088
228
262
426
268
553
323
383
318
041
638
939
809
864
077
465
848
551
048
564
574
855
847
907
613
289
100
624
423
523
360
120
858
475
823
023
066
043
025
361
254
611
883
966
235
679
146
829
241
725
415
500
110
843
513
940
149
618
258
098
571
645
174
139
441
008
830
541
621
104
114
258
910
946
782
972
691
634
468
961
576
710
150
075
443
621
419
605
232
622
300
367
388
969
903
869
932
458
692
481
002
352
918
507
375
432
810
826
969
164
730
451
625
637
093
553
245
828
795
626
190
584
083
012
973
376
743
553
157
495
412
992
899
076
378
499
045
881
987
298
155
317
157
906
187
355
832
303
869
310
922
275
794
283
939
619
479
236
189
679
029
066
163
240
239
683
689
477
676
888
066
305
784
179
297
885
789
696
588
870
054
305
805
814
209
279
581
097
480
782
284
185
534
373
072
944
380
816
905
782
834
766
130
550
367
225
435
702
856
426
822
327
438
859
413
484
987
039
827
466
758
359
177
851
775
315
832
167
416
703
648
008
581
148
667
004
154
461
562
373
876
248
587
963
000
374
320
452
098
558
168
123
277
507
562
076
457
450
449
505
253
847
602
950
097
805
662
142
629
595
468
456
935
728
189
381
170
532
661
876
857
113
381
482
126
947
022
495
838
360
657
267
343
647
269
520
032
247
760
378
379
186
861
757
624
307
952
687
133
618
372
843
484
035
299
630
638
980
758
575
249
030
097
534
960
822
617
582
352
726
155
644
021
982
809
633
252
314
104
207
044
510
925
277
491
152
833
573
308
831
205
767
905
209
979
663
993
075
670
861
042
273
494
094
526
866
636
753
452
167
113
610
643
557
946
538
496
652
870
256
260
285
400
113
762
316
391
479
314
499
416
277
312
768
403
081
100
521
357
472
769
625
112
393
204
757
221
381
951
864
379
559
739
822
926
146
493
935
164
803
097
045
607
653
097
907
106
364
791
487
057
452
589
631
563
118
858
995
732
511
994
964
159
305
561
852
450
290
284
351
385
122
375
064
962
804
780
565
781
822
679
916
013
465
164
643
681
822
913
420
502
386
779
667
031
639
229
774
910
635
321
752
755
714
587
224
127
821
423
906
459
484
507
243
172
586
585
924
553
189
449
808
584
847
407
135
324
232
614
644
888
442
664
783
205
360
101
662
008
069
907
623
643
285
589
734
871
035
893
572
927
018
116
824
099
478
833
181
362
704
312
178
614
822
021
012
341
615
663
555
465
194
785
760
278
189
416
211
798
521
171
828
415
103
373
594
996
283
096
608
151
428
646
690
021
065
010
999
086
302
453
036
972
794
737
856
435
737
750
898
676
710
105
616
935
437
592
417
319
600
902
350
237
348
412
607
092
514
745
433
025
379
105
487
389
932
223
593
075
774
088
271
195
657
669
436
123
171
059
032
207
753
612
224
599
355
072
226
633
497
302
616
332
738
557
096
250
628
076
335
509
299
794
963
525
210
708
257
951
202
606
669
192
027
334
285
788
656
227
747
205
345
005
609
466
331
099
447
697
131
116
828
009
329
155
661
755
946
376
951
668
665
992
756
798
987
833
918
987
913
621
184
919
908
839
915
033
146
053
047
569
394
574
539
990
998
551
887
236
371
588
581
620
893
724
145
660
182
612
270
342
244
809
206
670
857
137
057
307
416
886
189
940
040
672
242
877
909
416
654
184
769
360
516
339
576
154
193
019
269
492
003
157
058
164
135
883
792
825
552
980
466
649
162
773
989
590
474
018
600
422
554
112
825
594
511
525
153
516
945
618
227
056
818
722
975
656
791
716
900
849
040
099
823
728
390
601
271
766
536
783
757
781
696
751
702
525
631
360
579
688
245
262
179
269
785
359
541
355
183
895
736
059
738
122
158
910
856
933
294
934
094
386
509
808
915
272
599
565
637
050
537
538
281
459
197
293
529
874
225
877
050
900
336
084
533
850
734
401
989
907
873
949
108
029
092
611
110
271
905
109
453
423
213
481
268
955
059
679
518
007
923
817
865
187
757
179
599
638
521
718
442
584
234
885
161
683
892
189
994
150
671
040
714
442
428
072
337
134
353
382
874
752
722
552
412
641
675
835
108
847
094
325
271
500
609
060
213
683
908
781
627
149
665
847
415
768
853
699
236
689
080
640
761
165
697
995
012
377
128
513
454
476
506
134
782
422
109
037
536
855
070
992
115
800
982
997
479
863
368
161
626
250
954
930
898
647
084
969
717
712
797
633
990
195
062
024
256
357
142
022
424
882
592
245
106
544
563
190
919
690
936
660
878
667
435
468
451
650
025
821
316
257
120
754
657
976
949
140
498
704
453
585
526
549
222
721
504
331
817
893
811
913
292
395
003
637
245
520
432
422
154
267
721
624
997
994
919
876
108
269
501
916
410
240
919
251
588
987
534
565
322
285
518
263
403
601
453
556
898
335
585
362
781
052
581
925
569
193
393
844
473
079
515
449
822
355
036
602
105
019
270
574
521
425
756
255
468
204
073
454
399
474
734
125
163
342
219
974
682
715
664
415
212
409
622
498
323
899
715
390
913
616
474
565
546
164
190
809
182
311
459
104
941
895
613
097
820
287
522
401
140
521
988
747
191
577
897
787
227
914
836
988
060
534
645
509
825
275
220
391
412
736
105
575
960
307
771
938
278
228
818
011
668
531
549
492
085
414
184
548
513
486
387
981
835
004
084
897
901
993
468
597
950
958
601
140
943
892
300
252
836
338
503
194
657
913
749
824
551
181
094
914
369
892
016
807
675
150
566
003
517
881
027
431
572
179
291
678
966
651
247
912
710
261
958
537
456
172
730
438
259
124
823
229
539
512
744
430
968
464
741
470
331
669
048
146
036
821
132
782
767
678
670
340
904
342
669
645
267
175
704
211
979
749
392
896
891
430
973
106
680
502
216
464
585
610
348
712
547
361
416
862
432
383
517
795
246
880
788
512
998
383
224
467
475
225
176
431
378
743
064
961
391
814
466
445
303
905
725
225
010
955
424
756
491
882
951
157
410
007
841
640
719
399
961
674
351
374
146
255
169
151
315
915
428
701
706
078
437
677
090
832
516
770
322
253
925
360
100
210
159
764
720
252
400
481
050
098
273
218
586
702
570
978
159
708
433
053
444
377
618
928
733
433
059
747
569
007
570
357
288
581
226
117
200
172
749
031
288
044
764
204
173
950
734
090
522
661
138
842
402
327
692
201
836
367
570
582
819
148
492
303
672
481
748
496
097
439
937
743
281
486
013
691
025
829
393
268
915
961
469
041
019
195
229
479
823
497
592
252
737
383
819
523
807
663
073
760
997
846
009
226
295
018
527
540
272
352
653
100
068
105
937
243
981
098
711
039
664
382
182
293
416
571
146
182
134
136
498
657
430
424
449
777
643
986
806
690
010
738
756
006
852
550
308
568
148
340
651
870
963
698
878
661
589
508
335
952
286
922
202
234
583
573
705
305
404
769
067
426
781
667
524
453
343
815
434
460
085
596
665
446
318
158
191
264
662
523
049
104
322
551
368
881
759
673
880
116
614
333
820
951
976
692
103
976
348
585
314
294
483
911
242
906
358
260
094
194
725
416
706
729
899
048
859
625
138
535
496
804
875
580
285
169
325
423
900
175
402
879
491
026
372
396
814
343
558
993
209
067
365
723
850
945
337
079
615
464
385
919
986
409
600
951
630
778
131
151
519
186
240
114
763
263
656
981
625
872
533
025
486
822
426
026
545
910
487
871
865
267
800
612
278
817
243
136
076
141
867
745
513
923
995
889
580
919
221
558
321
647
979
922
723
037
135
245
080
016
297
072
539
000
161
236
341
384
172
954
218
863
919
099
124
667
729
675
555
721
522
432
453
929
556
958
703
156
133
853
681
633
660
458
729
027
501
613
378
576
754
539
805
616
600
744
049
329
679
314
149
655
505
163
584
350
835
851
831
267
192
998
009
525
340
294
909
717
491
736
105
396
805
029
142
193
013
725
116
150
261
358
455
853
108
133
609
590
040
678
927
565
981
334
798
338
146
114
821
926
217
467
215
339
107
381
710
045
459
497
145
803
609
807
250
333
927
444
274
110
169
982
000
676
629
308
883
373
180
482
628
643
992
274
194
698
126
248
030
048
341
087
964
940
513
307
066
569
796
373
678
719
125
166
863
293
340
021
396
601
902
725
828
504
577
638
268
877
463
251
972
435
803
695
451
650
549
490
245
783
634
272
177
107
408
082
998
123
830
215
502
569
377
568
424
880
949
355
146
039
578
402
039
754
168
182
395
946
799
070
679
389
571
772
435
939
073
757
173
651
161
107
704
790
028
511
829
562
983
579
784
270
040
029
336
813
049
951
545
115
108
929
849
839
506
468
588
015
505
305
274
978
393
769
777
093
000
022
868
496
516
820
453
289
630
858
175
170
737
600
463
935
148
603
899
725
675
106
680
370
656
128
225
091
595
794
710
582
589
358
230
845
641
288
695
929
844
011
656
192
594
691
705
818
911
943
345
375
421
875
776
448
979
252
237
314
812
692
391
366
562
647
171
660
628
091
730
603
039
403
599
627
936
786
943
684
327
751
605
067
018
134
648
930
399
768
071
129
624
191
211
508
365
812
268
161
477
703
278
950
244
887
430
386
462
593
867
082
662
617
107
032
021
747
866
792
129
934
663
932
052
929
391
239
136
567
451
032
650
693
861
990
703
135
177
696
070
244
968
117
971
701
536
602
006
214
528
444
161
052
626
508
946
754
985
929
284
228
918
386
404
818
055
595
072
283
716
156
746
679
964
187
570
972
844
548
701
662
551
933
620
183
481
781
667
774
592
178
533
671
059
203
666
643
806
555
743
034
201
333
374
210
565
678
079
940
736
515
645
026
903
183
904
621
887
733
856
000
537
163
515
583
073
033
326
355
299
275
619
553
482
767
513
014
234
684
388
915
181
366
731
056
422
784
877
297
639
925
109
401
244
769
923
184
627
807
060
781
676
098
672
411
539
263
191
091
960
100
025
378
084
552
305
172
751
959
741
727
219
222
794
278
557
132
934
908
967
833
396
363
803
281
977
938
230
482
389
382
412
279
964
941
654
618
020
643
988
292
360
309
858
656
849
891
898
065
187
241
837
292
443
614
739
483
764
858
941
644
531
544
197
358
281
708
186
964
873
160
668
933
304
688
356
660
998
991
048
375
479
467
430
196
962
577
081
156
516
680
342
032
287
189
503
262
028
326
029
377
700
190
997
471
572
342
402
046
084
175
225
099
161
957
664
946
927
967
568
143
601
429
407
678
419
973
845
749
590
603
471
731
950
359
136
826
531
729
896
510
382
335
877
507
099
452
797
910
867
383
606
180
493
894
087
910
173
416
604
225
235
597
244
945
887
259
107
194
401
221
739
877
068
651
288
486
311
982
089
392
088
432
265
398
805
318
058
065
316
765
724
614
368
114
388
825
925
372
334
225
495
394
759
311
321
313
887
024
698
753
452
313
100
781
376
307
307
890
308
176
866
474
670
511
636
814
224
662
877
738
393
380
994
504
556
359
485
913
752
906
878
179
639
760
469
286
603
359
825
590
669
532
686
528
447
183
775
439
733
997
752
791
854
340
883
995
013
599
631
036
331
797
189
275
892
341
275
834
034
829
955
346
514
709
293
367
492
444
517
281
542
070
262
933
912
099
854
790
825
815
420
315
442
817
333
063
317
747
635
455
221
578
903
034
618
044
838
682
860
700
093
099
500
181
386
245
018
758
658
023
616
572
092
472
820
618
748
993
443
285
058
806
976
765
251
186
061
958
857
218
266
758
214
350
823
162
961
617
869
772
652
155
418
341
312
318
729
005
916
959
291
744
260
024
048
577
808
231
608
133
255
140
706
951
453
760
574
410
376
555
672
410
536
176
251
986
179
239
380
090
111
262
874
519
643
451
976
500
887
010
831
443
709
816
740
588
600
012
915
811
271
226
190
745
443
110
021
211
247
733
064
541
040
083
390
011
469
832
911
929
475
429
842
606
173
726
047
856
496
947
735
301
326
791
566
600
455
149
379
871
915
488
304
247
653
376
845
882
064
761
645
540
950
068
187
000
235
538
540
889
772
785
525
264
959
671
603
567
654
354
095
081
418
464
766
232
134
217
203
060
735
511
289
523
221
081
135
163
181
526
592
369
688
859
957
723
468
927
280
847
268
533
147
683
197
526
248
839
967
290
909
447
426
121
978
254
477
362
552
693
748
736
017
973
057
367
024
964
959
362
631
237
555
948
840
388
363
051
952
980
353
884
894
128
445
990
047
348
525
058
046
562
229
844
560
872
512
059
101
254
432
291
069
353
937
797
876
460
116
532
071
726
801
100
200
336
275
693
400
614
627
282
056
188
543
764
534
715
698
285
403
217
253
404
039
103
109
899
501
838
045
672
644
467
247
726
805
822
874
157
632
153
841
114
948
337
663
649
229
023
110
917
623
865
031
700
388
050
204
626
291
472
947
011
405
856
557
908
670
641
626
823
101
302
946
472
302
705
029
847
767
834
082
604
984
094
740
684
013
650
242
476
183
221
824
878
408
776
183
553
138
149
884
537
961
107
465
245
481
308
358
770
923
761
542
849
257
104
789
162
298
824
130
048
531
822
527
623
265
435
648
926
626
720
778
731
898
267
010
295
291
127
929
292
931
457
588
825
035
328
268
719
631
274
805
368
189
698
418
305
337
334
535
574
795
981
056
999
091
172
857
399
241
533
933
790
627
225
052
649
088
896
334
849
054
162
313
780
321
518
974
427
647
381
816
920
694
949
567
984
354
092
640
427
275
342
594
769
871
745
318
164
717
975
802
542
713
287
910
731
959
177
192
515
670
126
289
215
136
291
377
234
852
764
992
873
408
572
230
576
427
270
710
419
118
919
993
732
587
968
141
394
692
179
310
587
874
238
310
410
038
766
948
034
511
767
063
819
980
676
957
647
654
893
456
531
477
402
378
959
243
168
533
819
320
886
335
537
195
735
113
772
686
474
550
920
570
388
008
207
527
978
239
043
635
228
665
703
838
078
594
830
684
776
797
678
208
301
097
143
621
965
098
226
969
591
072
976
130
503
471
964
000
875
133
285
829
189
076
944
651
193
068
764
082
833
034
453
623
879
776
991
735
232
315
002
661
724
632
601
679
828
345
083
452
598
191
182
785
099
419
337
363
658
208
140
584
026
835
819
561
348
714
129
917
920
016
511
448
441
776
435
288
327
406
702
837
532
336
876
094
382
960
176
191
592
524
215
863
096
595
245
796
104
665
134
655
787
359
964
403
045
702
280
526
899
450
816
700
359
665
402
576
762
575
503
767
817
093
379
312
473
475
761
934
194
162
473
272
484
484
527
275
846
404
235
392
214
848
651
421
760
196
282
486
742
787
242
527
413
287
893
293
597
281
706
097
243
900
097
949
812
322
030
115
281
415
684
181
185
659
041
722
511
588
298
404
998
332
653
895
316
878
389
630
203
204
077
734
408
272
951
433
541
347
558
531
190
121
926
026
424
532
205
522
650
021
777
725
904
263
398
095
215
355
690
236
346
175
314
269
961
615
934
721
684
064
428
685
435
147
290
423
804
911
539
684
562
951
628
430
264
173
430
356
507
584
230
981
808
952
640
245
837
638
863
976
603
820
090
687
566
421
873
240
115
619
265
929
954
566
105
125
238
340
893
061
317
532
139
314
215
833
120
027
460
058
870
495
173
850
711
912
902
501
757
078
492
493
778
567
304
240
093
979
527
015
834
217
603
786
267
896
498
640
789
234
497
759
627
703
637
918
805
986
659
502
955
134
407
399
538
843
406
312
198
754
561
264
116
597
135
024
837
206
733
280
100
171
050
892
134
270
677
505
425
261
684
091
211
420
020
840
468
948
582
409
774
513
378
724
295
446
391
053
826
485
057
742
129
372
675
607
009
478
100
874
812
712
579
985
362
341
038
867
156
354
657
323
653
990
541
209
003
086
940
291
789
698
171
272
756
298
744
178
388
715
353
742
665
657
896
845
150
076
342
240
332
082
567
214
064
239
255
844
549
453
650
693
313
793
456
243
859
895
931
225
722
182
067
239
505
045
840
772
744
587
163
870
973
350
382
679
203
810
619
358
157
203
020
128
028
193
396
186
244
468
494
468
439
443
926
979
368
426
364
305
552
207
554
342
598
086
154
939
184
362
839
251
163
426
092
876
189
817
576
054
816
706
756
116
538
600
818
393
707
845
554
122
601
180
876
226
816
940
521
216
929
641
420
563
210
585
455
012
477
231
142
213
399
419
950
699
900
335
695
438
619
043
243
899
070
484
582
144
201
992
198
708
130
350
320
305
384
994
448
415
799
597
484
637
949
205
913
640
488
415
470
485
620
734
295
994
158
596
064
046
271
861
291
149
819
769
371
823
987
253
926
322
900
849
634
248
539
860
445
117
430
767
919
592
287
655
735
805
931
252
341
867
984
866
257
472
890
126
995
201
552
342
670
303
051
440
261
760
498
061
115
113
532
045
539
725
347
747
621
045
086
224
628
928
177
667
898
950
134
478
519
407
775
411
436
070
548
051
983
718
061
549
216
530
655
233
524
333
781
414
081
995
097
111
403
723
982
048
373
328
636
567
440
427
617
400
332
619
261
360
942
160
292
033
277
728
678
690
203
225
939
291
556
391
214
812
821
082
847
948
538
435
205
606
095
012
526
119
753
534
274
466
996
510
187
586
094
580
014
097
801
128
810
600
952
785
073
576
342
693
268
684
098
386
272
833
797
165
979
392
157
000
743
365
314
253
093
642
167
375
429
943
840
949
890
745
026
046
107
870
000
724
541
523
232
269
418
457
381
458
166
593
342
163
493
628
571
927
704
606
038
662
261
323
709
579
299
945
236
056
702
749
938
148
939
910
228
885
388
185
883
900
313
353
236
343
652
176
030
018
150
837
449
944
566
585
686
818
818
873
069
333
290
136
077
704
353
435
447
657
530
728
697
775
029
485
874
048
342
756
575
880
885
250
473
506
699
178
431
620
230
557
883
648
506
465
494
196
487
991
648
177
061
310
320
889
577
413
237
278
057
939
178
975
722
911
070
241
568
066
571
208
089
890
154
321
209
889
120
711
546
904
841
230
530
737
049
468
561
219
261
213
627
147
243
443
095
367
035
975
636
373
457
000
565
884
660
586
736
652
499
674
877
666
943
560
537
293
462
593
608
796
479
257
911
899
237
207
751
256
248
783
243
313
216
667
117
686
365
817
848
756
789
628
834
476
205
248
192
853
031
466
274
993
248
531
447
798
074
817
563
850
587
572
407
856
832
340
087
663
639
858
561
591
437
364
825
504
783
645
220
354
984
954
526
925
460
507
401
976
038
888
909
103
753
949
289
943
849
460
077
242
006
001
599
701
443
763
952
378
999
906
773
513
005
496
275
846
647
013
987
774
700
117
879
547
960
215
762
429
085
350
127
940
283
789
906
505
938
028
417
377
867
817
971
213
766
351
078
425
523
340
255
056
250
725
615
220
234
689
720
110
302
850
075
698
544
951
805
330
359
429
791
061
241
518
140
814
038
619
023
868
703
881
761
829
137
900
556
095
221
006
701
861
848
504
146
892
159
183
412
912
163
493
552
655
633
492
794
262
123
701
888
559
971
839
346
177
938
348
812
114
966
170
300
065
199
930
308
263
835
437
588
274
967
853
412
925
345
038
745
389
479
814
605
749
947
630
888
251
292
767
962
202
427
830
857
957
748
468
443
328
536
624
777
317
316
752
210
939
331
678
993
135
358
527
113
208
982
852
648
454
406
724
792
334
883
210
581
696
601
106
024
705
094
027
635
900
585
325
604
620
254
452
445
381
150
390
484
956
994
309
988
023
562
032
255
568
718
770
877
980
747
549
397
485
976
519
945
314
255
681
198
807
866
659
016
915
475
633
368
784
897
056
411
645
070
772
563
461
111
712
581
064
187
117
107
443
975
862
487
041
076
210
229
282
240
166
003
972
601
616
836
191
676
513
624
798
457
154
244
352
656
277
261
842
557
322
573
353
185
718
272
691
625
695
022
660
339
164
378
701
300
617
634
112
572
776
544
312
980
263
938
692
481
546
415
339
933
454
416
790
453
133
816
987
160
235
036
650
650
821
718
709
206
650
793
053
112
870
321
841
071
229
203
428
346
004
662
023
355
158
884
147
255
057
251
028
091
453
846
552
309
043
415
991
906
728
361
612
224
321
795
129
622
036
471
829
205
683
463
505
455
595
932
524
844
477
878
803
158
888
575
211
270
312
288
490
682
832
061
854
485
116
112
053
930
230
133
630
101
887
540
223
173
116
665
691
664
701
362
142
174
846
377
321
663
550
648
759
967
995
457
640
023
020
043
281
844
845
682
359
398
226
549
795
247
695
125
887
070
853
255
584
197
609
973
183
609
577
428
605
671
239
579
339
162
163
343
663
016
160
784
334
470
317
558
553
989
173
746
997
960
421
448
389
643
635
453
864
990
809
187
745
878
410
081
590
887
781
323
204
646
235
359
176
803
882
088
270
741
253
679
985
732
557
191
754
975
942
194
696
718
935
676
292
682
409
171
121
510
492
880
651
931
561
412
610
949
542
057
247
393
108
420
325
728
073
639
634
347
345
706
192
649
487
446
164
070
960
715
055
494
601
637
393
454
248
406
939
834
203
774
177
531
445
314
202
600
462
762
423
953
609
172
276
541
342
464
186
971
602
120
560
306
832
076
721
017
904
484
668
832
459
137
690
531
266
712
300
653
853
527
844
499
905
579
440
864
502
925
414
276
311
580
286
243
620
852
264
074
863
506
793
100
723
353
552
786
342
023
517
058
718
202
539
684
691
058
547
593
926
582
295
510
433
686
329
077
608
896
991
776
931
197
803
017
178
590
463
519
617
237
730
130
414
630
952
688
200
565
304
034
095
222
676
470
105
114
744
928
767
801
051
926
758
299
316
712
097
745
066
422
991
618
202
395
101
212
381
294
279
713
532
677
911
311
253
712
529
194
243
629
049
887
283
841
770
014
194
250
050
482
761
690
743
431
561
448
349
049
179
330
490
946
606
315
585
885
560
352
227
128
852
914
788
879
672
621
498
655
289
592
468
381
903
834
031
011
650
805
250
753
329
919
419
410
614
012
663
444
547
078
763
731
015
204
351
892
442
815
819
649
422
955
563
049
761
672
787
446
130
291
920
234
655
452
138
142
799
744
394
712
623
284
354
463
569
889
659
438
559
995
601
980
925
789
848
525
853
688
688
671
501
978
754
325
137
833
275
203
720
392
380
607
719
614
123
744
873
017
209
519
351
027
061
500
343
125
904
596
483
754
802
476
051
247
379
528
920
677
229
460
132
679
343
363
553
292
877
305
522
571
324
633
097
693
222
949
183
092
681
290
230
355
287
477
498
324
207
698
831
423
393
638
867
732
814
565
346
775
756
568
431
568
415
124
624
403
179
398
817
887
689
689
936
291
912
611
578
018
861
308
736
034
673
147
250
352
249
199
270
305
576
233
572
975
889
612
283
046
298
776
982
951
107
671
217
312
266
514
708
021
294
160
317
136
947
899
939
822
288
654
076
320
302
425
870
679
400
425
591
253
030
527
066
601
436
338
202
240
466
127
343
401
912
413
023
177
121
483
875
430
703
675
721
350
508
831
451
092
780
484
036
728
170
524
934
838
692
668
882
097
898
028
941
793
047
303
792
974
282
849
433
146
552
892
738
396
342
938
393
112
115
575
348
678
874
585
820
408
679
554
176
302
236
211
994
763
107
246
176
659
360
057
785
786
066
583
417
573
531
681
619
197
588
007
120
057
468
663
069
136
750
724
514
345
632
217
373
926
863
090
532
942
086
089
320
844
466
316
748
646
216
468
307
497
795
932
453
915
605
101
985
952
115
543
995
920
216
382
508
887
053
120
192
681
946
203
589
992
715
522
376
975
215
966
124
507
547
813
535
526
773
636
785
381
731
938
726
120
436
551
252
033
535
472
355
749
882
433
866
688
989
054
579
283
542
227
338
657
180
428
145
752
310
491
285
012
316
652
958
452
232
170
959
005
730
263
940
004
845
715
093
181
443
204
598
225
427
043
940
736
509
359
302
785
298
020
020
711
949
038
266
048
030
602
866
331
600
788
441
858
940
105
535
926
258
876
981
992
259
390
861
575
393
188
842
256
453
434
220
828
922
052
833
446
946
698
027
578
814
443
886
682
510
738
276
634
471
878
874
623
813
473
963
251
514
240
330
457
609
617
119
421
781
734
123
925
573
725
449
183
555
712
420
139
888
270
512
646
820
548
271
214
479
503
076
180
464
948
132
885
401
751
600
143
049
824
925
703
491
751
628
637
118
111
245
058
089
880
872
869
127
893
317
438
171
175
611
883
188
442
280
256
105
302
010
011
147
092
588
016
673
948
879
515
169
063
342
096
898
563
842
518
855
363
802
123
592
627
010
253
356
117
951
877
643
834
533
261
686
919
920
527
773
586
750
531
484
410
780
749
590
673
959
984
246
236
620
350
509
465
263
012
482
177
096
019
938
227
727
438
185
382
278
304
900
183
080
154
318
427
228
193
945
641
310
089
102
910
814
677
149
174
405
034
853
965
084
369
987
289
590
306
887
780
972
272
534
304
398
158
335
296
686
567
120
074
978
953
130
140
121
745
007
139
627
918
499
597
330
012
279
522
974
338
058
315
911
242
922
313
701
567
228
325
895
842
794
845
351
197
995
658
964
268
653
263
813
093
768
728
706
540
770
606
861
334
977
650
094
282
126
637
350
975
476
560
763
441
978
051
225
630
927
164
103
391
887
149
784
582
124
953
785
871
469
029
466
812
721
417
429
002
161
380
855
157
027
536
383
752
975
949
500
423
025
069
733
846
737
844
993
995
170
751
677
312
492
955
192
852
598
778
741
334
919
637
409
413
277
216
347
554
750
531
099
976
725
145
657
093
643
398
547
449
616
791
996
541
507
430
097
244
504
283
918
755
003
909
278
919
194
651
920
736
286
331
277
662
475
838
213
439
130
252
313
335
318
561
617
708
747
504
651
066
346
358
656
431
074
078
345
623
818
513
713
692
766
995
064
111
610
482
867
176
454
507
777
030
811
282
798
466
328
473
368
891
702
971
329
739
386
860
297
735
135
508
993
977
174
882
805
493
032
644
862
523
545
564
051
249
877
875
717
157
961
935
866
703
939
032
551
760
483
736
261
389
866
431
152
009
361
382
706
369
222
144
020
635
370
445
287
277
122
618
937
535
076
378
261
152
100
580
426
538
414
939
868
972
585
519
996
917
807
422
935
644
074
629
098
122
209
780
690
132
595
900
466
137
134
375
220
874
036
796
308
970
107
080
284
351
414
235
686
043
976
415
656
970
423
651
491
705
724
899
125
238
592
696
960
358
723
350
578
685
318
224
674
103
192
294
524
587
050
008
605
279
247
831
653
360
845
385
526
093
741
595
908
870
074
308
041
457
306
035
276
381
478
772
050
815
035
722
888
597
309
929
356
937
851
900
532
747
242
432
133
404
260
290
117
101
870
183
702
880
865
340
059
145
606
813
803
472
395
378
925
326
168
390
662
810
978
820
663
009
320
419
040
095
706
219
486
772
681
058
579
379
337
103
832
065
056
284
796
924
630
442
756
365
959
180
051
194
502
201
810
014
323
573
276
541
360
415
626
543
248
940
145
138
744
854
485
989
406
514
492
043
989
782
243
824
735
283
440
292
954
303
579
121
939
053
898
261
886
344
213
428
752
262
082
031
993
713
115
947
199
811
440
720
410
350
881
814
497
473
193
537
562
051
008
290
205
065
655
590
219
499
637
924
137
347
300
475
035
192
970
083
717
446
451
677
850
873
215
068
801
951
479
388
094
039
106
497
722
631
356
656
484
837
184
371
573
349
230
026
189
403
669
820
435
859
316
289
632
578
784
178
759
681
118
649
095
069
467
432
513
281
994
635
094
150
313
781
899
882
710
440
902
734
399
125
186
026
140
656
775
136
008
534
051
665
654
643
837
801
446
370
578
726
089
860
037
138
278
463
640
713
853
170
046
878
604
157
166
614
883
049
635
400
393
956
719
581
065
724
893
876
580
566
838
786
686
369
139
794
825
645
611
458
099
329
327
548
332
507
307
527
050
262
061
721
397
340
879
925
603
263
360
590
724
334
900
813
597
818
800
827
228
149
323
728
920
860
191
921
426
080
397
453
292
258
129
578
590
956
416
068
790
968
616
554
276
542
002
952
509
919
152
440
451
469
814
071
060
153
338
755
992
352
577
720
742
569
116
771
773
385
001
819
207
039
668
541
126
356
663
529
272
040
364
905
747
286
620
586
943
147
440
830
224
775
985
858
011
270
921
151
445
706
656
046
269
192
780
337
795
239
418
854
128
826
151
454
817
390
800
289
200
933
129
230
381
721
900
986
487
452
703
414
211
247
086
961
944
600
509
825
899
095
863
380
016
542
582
509
375
714
962
205
109
512
149
368
144
088
543
225
267
691
372
498
563
143
416
368
492
466
415
422
095
581
469
611
499
633
349
847
957
337
643
245
760
078
255
747
399
170
835
501
724
830
678
924
026
626
423
666
234
279
157
370
178
399
272
736
958
155
435
837
351
263
209
337
728
049
091
881
204
428
718
431
236
698
370
848
187
935
688
735
293
054
475
806
722
093
373
767
379
948
452
398
066
425
062
736
691
054
716
346
488
957
559
709
875
458
065
813
962
248
157
954
867
059
403
137
271
979
090
698
695
623
227
984
514
214
291
745
143
074
525
440
006
724
304
063
114
897
508
404
556
601
952
155
513
644
145
853
961
506
796
739
403
475
791
527
014
093
944
592
185
543
958
599
062
423
498
460
669
234
862
963
446
381
347
434
684
404
660
842
455
397
985
417
821
766
518
010
059
060
942
996
436
063
459
409
393
537
540
059
883
