330
165
833
777
097
785
291
614
523
966
232
100
770
710
330
634
447
101
043
746
640
321
812
869
803
262
544
787
629
155
541
778
900
980
907
453
113
386
471
905
455
340
745
950
116
194
982
095
412
037
595
213
464
997
091
571
736
577
063
313
503
883
401
865
026
810
220
208
032
941
708
169
931
411
529
633
747
276
465
803
391
001
218
623
871
133
122
200
922
300
487
662
787
722
729
467
065
126
017
541
942
486
605
925
666
355
199
614
791
956
254
078
607
507
051
354
861
681
581
003
832
141
461
536
566
853
426
233
101
573
892
433
551
931
818
262
165
919
316
872
365
977
844
116
778
312
736
437
368
706
998
367
158
760
407
881
627
653
357
736
529
381
719
642
073
968
093
504
436
708
736
675
526
149
062
842
587
568
932
487
056
391
549
089
927
297
511
476
962
061
751
033
522
837
145
224
994
127
201
755
325
932
126
691
893
164
090
975
020
025
337
624
452
297
377
561
929
371
021
679
887
575
434
763
398
962
938
805
367
627
488
781
852
306
696
717
093
836
927
957
138
814
667
131
805
406
265
104
158
326
514
450
928
732
338
827
943
015
015
566
894
643
466
502
023
446
612
837
059
411
926
361
284
193
182
993
709
760
142
278
765
885
485
151
748
677
237
350
505
829
533
048
979
447
708
783
412
077
261
050
310
957
199
940
882
248
073
062
233
002
236
611
912
944
533
702
166
638
964
888
163
495
720
576
103
837
023
381
328
636
318
970
324
778
086
793
495
532
301
088
558
213
844
386
548
225
905
784
550
383
661
599
431
157
734
033
343
852
350
187
555
579
600
453
966
081
778
302
198
120
547
676
182
606
242
428
279
191
915
649
026
079
711
795
036
849
057
380
046
571
360
740
900
050
867
714
410
655
939
046
594
559
910
400
280
823
232
254
782
479
006
945
947
873
996
699
801
478
659
266
477
165
620
642
088
671
504
915
504
591
179
601
404
292
992
080
926
796
452
862
881
145
778
434
600
360
645
262
125
900
